16
23
2
19
24
24
13
6
21
24
22
16
9
9
2
6
9
22
2
15
8
3
24
13
17
23
9
9
14
3
8
18
5
19
3
9
4
25
7
17
8
18
25
9
16
3
2
6
23
1
20
2
22
1
22
15
10
13
4
17
10
1
8
25
5
8
1
8
11
7
12
7
8
23
5
12
17
24
8
9
16
2
10
22
14
3
12
23
1
19
4
25
6
23
17
8
20
13
13
6
19
2
21
3
17
13
15
3
1
16
22
18
14
24
13
11
24
24
8
13
5
6
13
3
12
18
13
9
12
7
8
9
24
9
1
3
15
23
25
14
19
1
4
11
16
7
15
12
24
10
8
23
16
1
9
18
15
14
6
5
25
20
11
14
7
7
23
22
16
7
24
24
5
21
16
13
11
19
12
4
18
25
19
16
15
5
25
19
24
11
18
18
9
20
18
24
4
22
7
4
19
22
11
6
5
4
25
11
10
7
4
25
4
17
8
8
19
15
2
10
2
25
5
5
9
7
18
17